1.0129516944289207 Test loss (%)
99.67944025993347 Test accuracy (%)

99.63455737108245 Kappa accuracy (%)
99.6794425087108 Overall accuracy (%)
99.29224297953101 Average accuracy (%)

                              precision    recall  f1-score   support

                     Alfalfa       1.00      0.97      0.98        32
                 Corn-notill       1.00      0.99      1.00      1000
                Corn-mintill       1.00      0.99      1.00       581
                        Corn       1.00      1.00      1.00       166
               Grass-pasture       0.99      1.00      0.99       338
                 Grass-trees       1.00      0.99      1.00       511
         Grass-pasture-mowed       1.00      0.95      0.97        20
               Hay-windrowed       1.00      1.00      1.00       335
                        Oats       0.82      1.00      0.90        14
              Soybean-notill       1.00      1.00      1.00       680
             Soybean-mintill       1.00      1.00      1.00      1719
               Soybean-clean       1.00      0.99      1.00       415
                       Wheat       1.00      1.00      1.00       143
                       Woods       1.00      1.00      1.00       886
Buildings-Grass-Trees-Drives       0.99      1.00      0.99       270
          Stone-Steel-Towers       0.97      1.00      0.98        65

                    accuracy                           1.00      7175
                   macro avg       0.98      0.99      0.99      7175
                weighted avg       1.00      1.00      1.00      7175

[[  31    0    0    0    0    0    0    0    0    1    0    0    0    0
     0    0]
 [   0  995    0    0    0    0    0    0    0    1    2    0    0    0
     2    0]
 [   0    1  576    0    2    0    0    0    2    0    0    0    0    0
     0    0]
 [   0    0    0  166    0    0    0    0    0    0    0    0    0    0
     0    0]
 [   0    0    0    0  337    0    0    0    0    0    0    0    0    0
     1    0]
 [   0    1    0    0    0  508    0    0    0    0    2    0    0    0
     0    0]
 [   0    0    0    0    1    0   19    0    0    0    0    0    0    0
     0    0]
 [   0    0    0    0    0    0    0  335    0    0    0    0    0    0
     0    0]
 [   0    0    0    0    0    0    0    0   14    0    0    0    0    0
     0    0]
 [   0    0    0    0    0    0    0    0    0  680    0    0    0    0
     0    0]
 [   0    1    0    0    0    2    0    0    0    0 1715    0    0    0
     1    0]
 [   0    0    0    0    0    0    0    0    1    0    0  412    0    0
     0    2]
 [   0    0    0    0    0    0    0    0    0    0    0    0  143    0
     0    0]
 [   0    0    0    0    0    0    0    0    0    0    0    0    0  886
     0    0]
 [   0    0    0    0    0    0    0    0    0    0    0    0    0    0
   270    0]
 [   0    0    0    0    0    0    0    0    0    0    0    0    0    0
     0   65]]